0.0 0.6604011481213838
0.1 0.4867103451383263
0.2 1.1691554260145236
0.30000000000000004 0.841162737969595
0.4 0.8348679812365911
0.5 1.1689195114067998
0.6000000000000001 0.6123879831547329
0.7000000000000001 0.7844125881706479
0.8 0.9317483855609898
0.9 1.5045616193567226
1.0 1.133021761975053
1.0375058379985367 3.214373492831199
1.1 0.894606489723947
1.1577995053364096 2.7304773507443545
1.2000000000000002 1.239378315571942
1.3 1.2118488826560219
1.4000000000000001 1.6781555318908632
1.4743353786185955 3.139409453539339
1.5 1.7359144821559933
1.6 1.236394386838168
1.7000000000000002 1.7517812867919647
1.8 1.2884561395046719
1.9000000000000001 1.570802314070613
2.0 1.2819435726244213
2.1 1.8620085665872965
2.2 1.583149503176412
2.3000000000000003 1.2534099320518786
2.4000000000000004 1.315606957823761
2.5 1.3931854439520515
2.6 1.272921559396539
2.7 0.5094035757971415
2.8000000000000003 0.9742615159359672
2.9000000000000004 0.4441727158966243
3.0 0.9926345834214706
3.1 0.22685952556324107
3.2 0.8619239348975253
3.3000000000000003 0.10796437136785322
3.4000000000000004 0.16400787304453512
3.5 0.5116315598185621
3.6 -0.14927605467970279
3.7 0.2500302400182238
3.8000000000000003 0.10923743223069904
3.9000000000000004 -0.2071387107984345
4.0 -0.6354739454390043
4.1000000000000005 -0.5879949902656639
4.2 -0.1829347752516235
4.3 -0.421849988225937
4.4 -0.29506546445322845
4.5 -0.896751477290952
4.6000000000000005 -0.3307003637843402
4.7 -0.18782935011521928
4.800000000000001 -0.21891058687141074
4.9 -0.27131705898504566
5.0 -0.7001240350186609
5.1000000000000005 -0.34704308213521917
5.2 -0.8116730359971355
5.300000000000001 0.04225136760891701
5.4 0.06490690752457429
5.5 -0.6206553023400981
5.6000000000000005 -0.2393480781130961
5.7 -0.17556864251467752
5.800000000000001 0.19242206918790916
5.9 0.0724155788730268
6.0 0.6257638369385135
6.1000000000000005 0.5753255197970817
6.2 0.6086655639447655
6.300000000000001 0.616857522429588
6.4 0.20202064142233028
6.5 1.103287710627027
6.6000000000000005 1.106849445651077
6.7 1.0323457696108438
6.800000000000001 1.3574226270947722
6.9 0.7119354612081552
7.0 1.5065458040290831
7.1000000000000005 1.5077880940905002
7.2 1.745128162736355
7.300000000000001 1.1689983537033728
7.4 1.118492939008307
7.5 1.047276617362545
7.6000000000000005 1.899612194815121
7.7 1.0639383384112922
7.800000000000001 1.8120793991063275
7.9 1.5281405047323908
8.0 1.2184928558404888
8.1 1.8571456228403247
8.200000000000001 1.3479118372609364
8.3 0.9866008906068219
8.4 1.008685766572057
8.5 1.2066092207880272
8.6 1.1757183822080433
8.700000000000001 1.0961091749591205
8.8 1.5093900749966442
8.9 0.9943858398465983
9.0 0.48185952372141166
9.1 0.7894661839062069
9.200000000000001 0.8399355408999283
9.3 1.1235290014387873
9.4 0.1325101268442096
9.5 0.25820970716888536
9.600000000000001 0.4336488755865462
9.700000000000001 -0.14761510920159432
9.8 0.3691942871743459
9.9 0.26242492179368115
