0.0 0.7120761432096829
0.1 1.078851635315403
0.2 0.6857230096809748
0.30000000000000004 0.6391144908015179
0.4 1.1639568345642513
0.5 1.1462743671121938
0.6000000000000001 0.7466744408658986
0.7000000000000001 1.1404332557422139
0.8 1.333344609793508
0.9 1.77929143704432
1.0 1.2017145723441647
1.1 0.9501041661496221
1.2000000000000002 1.1340809043644955
1.3 1.8022804709486788
1.4000000000000001 1.1841137466705396
1.5 1.207308325741459
1.6 1.7157777132009975
1.7000000000000002 1.1848876933648789
1.8 1.090859756551272
1.9000000000000001 1.8442490040806259
2.0 1.5461201101008675
2.1 0.9284377335414792
2.2 0.9415643273090821
2.3000000000000003 1.0991330286412844
2.4000000000000004 1.121754799098618
2.5 0.9349267543503684
2.6 1.3550962277431
2.7 0.9466686012315342
2.8000000000000003 0.5482831063485861
2.9000000000000004 0.36126111277163575
3.0 0.17292726406937484
3.1 0.6984942103751794
3.2 0.5397393325693454
3.3000000000000003 0.7267465966601935
3.4000000000000004 -0.059472575648131465
3.5 0.19698079294967535
3.6 0.1487661318549081
3.7 -0.47674003211632243
3.8000000000000003 -0.5161933031725465
3.9000000000000004 -0.03071058497777779
4.0 -0.4035534997084732
4.1000000000000005 -0.26359644411220395
4.2 -0.6094688081083594
4.3 -0.632692923086917
4.4 -0.7352730369199673
4.5 -0.4264825979484831
4.6000000000000005 -0.8474193895541848
4.7 -0.933905191163998
4.800000000000001 -0.16289943478740032
4.9 -0.8404003923847839
5.0 -0.8950922822550806
5.1000000000000005 -0.2811998890291989
5.2 -0.11644823950646654
5.300000000000001 -0.029106782601542425
5.4 0.04189776918973698
5.5 -0.39781983871714843
5.6000000000000005 -0.588000771622704
5.7 0.18318643959206315
5.800000000000001 0.038313405899271125
5.9 -0.21813320778264272
6.0 0.15853377590774742
6.1000000000000005 0.5440164366990701
6.2 0.29047918420889834
6.300000000000001 0.5430643173236577
6.4 0.1392389322429935
6.5 1.1418391463442674
6.6000000000000005 0.3703432670406621
6.7 1.0365602052558398
6.800000000000001 1.130321175297381
6.9 0.6630030143894021
7.0 1.435218664873282
7.1000000000000005 1.5437593936808667
7.2 1.052536432793231
7.300000000000001 1.4072581476623824
7.4 1.0262420635566252
7.5 1.2841221756703862
7.6000000000000005 1.4388253875057284
7.7 1.367888919974478
7.800000000000001 1.8778898717998123
7.9 1.8592784890763672
8.0 1.8149412860213436
8.1 1.151625265257028
8.200000000000001 1.9182812653211196
8.3 1.0457459618471638
8.4 0.9871010178858395
8.5 1.524981932598492
8.6 1.436093738246006
8.700000000000001 1.0793354371230999
8.8 1.5041355279082742
8.9 0.9851059205246541
9.0 1.3873591951982058
9.1 0.44544264832794717
9.200000000000001 0.8545061057767641
9.3 0.6997697457261066
9.4 0.68775754306192
9.5 0.90569556203761
9.600000000000001 0.7276296810009177
9.700000000000001 0.5889842477028155
9.8 0.35236241174609984
9.9 0.40396671929473627
