-1.0 1.2184589898780467
-0.9899497487437185 0.6602431160457122
-0.9798994974874372 0.8546553392423497
-0.9698492462311558 0.8470171149781514
-0.9597989949748744 0.5727016903223882
-0.949748743718593 0.4171583917375651
-0.9396984924623115 0.47788508869770063
-0.9296482412060302 0.5799448127704528
-0.9195979899497487 -0.1507732489347396
-0.9095477386934674 0.4035585264166096
-0.8994974874371859 0.2637889574827756
-0.8894472361809045 0.3431344377907807
-0.8793969849246231 0.2537485408645366
-0.8693467336683417 -0.01431674008392092
-0.8592964824120604 -0.32088956136872937
-0.8492462311557789 -0.19523607090510264
-0.8391959798994975 -0.5111406211098595
-0.8291457286432161 -0.4400818756849586
-0.8190954773869347 -0.5143065756437168
-0.8090452261306533 -0.3147127862946384
-0.7989949748743719 -0.7517176192835915
-0.7889447236180904 -0.12297872166888046
-0.778894472361809 -0.801631017930029
-0.7688442211055276 -0.31272164570896266
-0.7587939698492463 -0.7250158322530776
-0.7487437185929648 -0.20123169098974403
-0.7386934673366834 -0.7332426752284386
-0.728643216080402 -0.0887124302093476
-0.7185929648241206 -0.35965313235763285
-0.7085427135678393 0.01323778079728477
-0.6984924623115578 0.058834926809231414
-0.6884422110552764 0.2638665469401761
-0.6783919597989949 0.0680932710879229
-0.6683417085427136 0.140399452241114
-0.6582914572864322 0.6000078260171293
-0.6482412060301508 0.7091231366017765
-0.6381909547738693 0.30021148807978226
-0.6281407035175879 0.10673527888229714
-0.6180904522613065 0.4062355019460119
-0.6080402010050251 0.36893932398538465
-0.5979899497487438 0.5019694942793497
-0.5879396984924623 1.1921035673139173
-0.5778894472361809 0.5920184402040443
-0.5678391959798995 1.474902963776357
-0.5577889447236181 1.5363648130618022
-0.5477386934673367 1.0742669390106956
-0.5376884422110553 1.3097696152249672
-0.5276381909547738 0.8595165734909729
-0.5175879396984925 1.1148920350872369
-0.507537688442211 1.5366624612863244
-0.4974874371859297 1.119265847235393
-0.48743718592964824 1.4617265472269965
-0.4773869346733668 1.498443667067563
-0.46733668341708545 1.467333908937794
-0.457286432160804 1.8623060992286358
-0.44723618090452255 1.227947768074323
-0.4371859296482412 1.3554257512126666
-0.42713567839195976 1.3248507862495944
-0.4170854271356784 1.2214212664805322
-0.40703517587939697 1.1575145668292048
-0.3969849246231155 0.933910684428802
-0.3869346733668342 0.7370037872454556
-0.37688442211055273 1.0275137792878617
-0.3668341708542714 0.5476708142159449
-0.35678391959798994 0.4788865198484734
-0.3467336683417085 1.0009942812154522
-0.33668341708542715 1.070425962816011
-0.3266331658291457 1.0544771754687632
-0.31658291457286436 0.6052083450893059
-0.3065326633165829 0.1732207399741108
-0.29648241206030146 0.02019919847565599
-0.2864321608040201 -0.11651470677341025
-0.27638190954773867 0.30403249204049465
-0.26633165829145733 0.44562370387594763
-0.2562814070351759 -0.10930370733676065
-0.24623115577889443 0.051281798170805803
-0.2361809045226131 -0.33759622331597783
-0.22613065326633164 0.07856505305379391
-0.2160804020100502 -0.23805774383733258
-0.20603015075376885 -0.1322189479732364
-0.1959798994974874 -0.3362091673626272
-0.18592964824120606 -0.4048699854893746
-0.1758793969849246 -0.8295748112451945
-0.16582914572864316 -0.05482005129476886
-0.15577889447236182 -0.017712142077230708
-0.14572864321608037 -0.10266551545994707
-0.13567839195979903 -0.9131178369436999
-0.12562814070351758 -0.6623906942679926
-0.11557788944723613 -0.25464253078479504
-0.10552763819095479 -0.8287275428398062
-0.09547738693467334 -0.538944697092914
-0.085427135678392 0.14062889287778713
-0.07537688442211055 -0.15542520856074493
-0.0653266331658291 0.15630118953009875
-0.055276381909547756 -0.030201849139254056
-0.045226130653266305 0.47757868025848493
-0.035175879396984966 0.04750024215302029
-0.025125628140703515 0.556978515618687
-0.015075376884422065 0.23550834019028988
-0.005025125628140725 0.08499726108361268
0.005025125628140614 0.49419392338211704
0.015075376884422065 0.7917910014647062
0.025125628140703515 0.3392845062601431
0.035175879396984966 0.5951544837649485
0.045226130653266416 0.9537454524479169
0.04861148786731752 2.556328919701736
0.055276381909547645 1.1613481950013167
0.0653266331658291 1.260230816531553
0.06666509916233514 2.739613601631346
0.07537688442211055 1.6369727596539019
0.085427135678392 1.542333091586324
0.09037814423024222 2.7467836310222773
0.09547738693467345 1.4420640319252198
0.1055276381909549 1.2442881015912222
0.11557788944723613 1.0195080738959483
0.12562814070351758 1.7711692345973686
0.13567839195979903 1.8328416228400632
0.14572864321608048 1.3094863341409533
0.15577889447236193 1.5934272448595836
0.16582914572864316 1.8434384780249111
0.1758793969849246 1.2172750811789403
0.18592964824120606 1.5112264592284834
0.1959798994974875 1.0435021847556212
0.20603015075376896 1.8427461846340016
0.2160804020100502 1.4955596055655573
0.22613065326633164 1.6350541974517026
0.2361809045226131 1.7022461753600835
0.24623115577889454 0.6885175753983194
0.256281407035176 0.7177613692392972
0.2663316582914572 1.1914112236048724
0.27638190954773867 0.6149733437602697
0.2864321608040201 0.3775017306966405
0.29648241206030157 0.9911593224174886
0.306532663316583 0.4648201780243668
0.31658291457286425 0.26883926440789613
0.3266331658291457 0.22496724051623734
0.33668341708542715 0.15264963984677385
0.3467336683417086 0.05755692507603344
0.35678391959799005 0.022279377767385422
0.3668341708542713 -0.46887398466095964
0.37688442211055273 0.22978266567491956
0.3869346733668342 0.18133022819528544
0.39698492462311563 -0.10619294616891761
0.4070351758793971 -0.560011287730125
0.4170854271356783 -0.47220358718973665
0.42713567839195976 -0.6418001977318546
0.4371859296482412 -0.8395024626934183
0.44723618090452266 -0.7118803206655058
0.4572864321608041 -0.5805298617981296
0.46733668341708534 -0.42518206766534217
0.4773869346733668 -0.8788162918054212
0.48743718592964824 -0.04132860563174978
0.4974874371859297 -0.9170451209958771
0.5075376884422111 -0.6258647902229972
0.5175879396984926 -0.16492664857099282
0.5276381909547738 0.08325102592911593
0.5376884422110553 -0.3173596739735324
0.5477386934673367 0.04867417696809995
0.5577889447236182 0.15348234448745868
0.5678391959798996 -0.33999511224136647
0.5778894472361809 0.29213250759150017
0.5879396984924623 0.1278393944167377
0.5979899497487438 -0.09197419855846878
0.6080402010050252 0.4004830651891852
0.6180904522613067 0.6706254018351461
0.6281407035175879 0.6104284700133588
0.6381909547738693 0.5986015981736401
0.6482412060301508 0.5189424689602371
0.6582914572864322 0.9331734351720681
0.6683417085427137 0.9197841434705158
0.6783919597989949 0.5729529808981841
0.6884422110552764 1.4835935307277128
0.6984924623115578 1.0817971610644603
0.7085427135678393 1.4998496486546482
0.7185929648241207 0.8789322843144671
0.728643216080402 1.5122883373458698
0.7386934673366834 1.71336550031276
0.7487437185929648 1.177174471377442
0.7587939698492463 1.2370607484074445
0.7688442211055277 1.1902603197844517
0.778894472361809 1.0405230480218721
0.7889447236180904 1.535788112464396
0.7989949748743719 1.7285354679360552
0.8090452261306533 1.1819067274761026
0.8190954773869348 1.3165945131603618
0.829145728643216 1.6212970847620212
0.8391959798994975 1.2323041744525134
0.8492462311557789 1.7875024351749975
0.8592964824120604 1.6196883698346825
0.8693467336683418 1.6603665696273011
0.879396984924623 1.3640916532574119
0.8894472361809045 1.1074237046022195
0.8994974874371859 1.288499732596668
0.9095477386934674 0.504162787782634
0.9195979899497488 1.2256337679985114
0.9296482412060301 0.6645888016473449
0.9396984924623115 0.18203784108780496
0.949748743718593 0.5436082364364649
0.9597989949748744 0.39916052876314756
0.9698492462311559 0.5337851593516765
0.9798994974874373 0.08000527080204123
0.9899497487437185 0.481753990029548
1.0 -0.3739958016544771
